#1
double T_ground(672, 2)
# Ground temperature in K
0   276.80
900   276.80
1800   277.00
2700   277.00
3600   277.00
4500   277.10
5400   277.20
6300   277.40
7200   277.20
8100   277.20
9000   277.20
9900   277.20
10800   277.30
11700   277.30
12600   276.90
13500   276.70
14400   276.70
15300   276.80
16200   276.80
17100   276.90
18000   276.90
18900   276.70
19800   276.70
20700   276.70
21600   276.70
22500   276.60
23400   276.60
24300   276.70
25200   276.70
26100   276.70
27000   276.60
27900   277.00
28800   276.80
29700   276.80
30600   276.70
31500   276.70
32400   276.70
33300   276.80
34200   276.70
35100   276.80
36000   276.80
36900   276.80
37800   276.80
38700   276.90
39600   277.10
40500   277.00
41400   277.00
42300   276.70
43200   276.70
44100   276.70
45000   276.90
45900   276.80
46800   276.70
47700   276.70
48600   276.50
49500   276.50
50400   276.70
51300   276.80
52200   276.70
53100   276.70
54000   276.90
54900   276.90
55800   276.70
56700   276.60
57600   276.70
58500   276.70
59400   276.70
60300   276.70
61200   276.50
62100   276.30
63000   276.30
63900   276.40
64800   276.50
65700   276.60
66600   276.60
67500   276.50
68400   276.60
69300   276.60
70200   276.50
71100   276.60
72000   276.60
72900   276.60
73800   276.80
74700   276.90
75600   277.00
76500   277.20
77400   277.20
78300   277.80
79200   278.50
80100   278.40
81000   278.30
81900   278.50
82800   278.50
83700   278.60
84600   278.70
85500   278.50
86400   278.90
87300   279.40
88200   279.40
89100   280.10
90000   280.30
90900   280.30
91800   280.00
92700   279.90
93600   279.80
94500   279.60
95400   279.50
96300   279.40
97200   279.20
98100   279.20
99000   279.20
99900   278.80
100800   278.80
101700   278.50
102600   278.10
103500   277.70
104400   277.40
105300   277.10
106200   277.10
107100   276.90
108000   276.70
108900   276.30
109800   276.20
110700   276.00
111600   276.00
112500   275.90
113400   275.70
114300   275.60
115200   275.30
116100   275.10
117000   275.10
117900   275.10
118800   274.70
119700   274.50
120600   274.30
121500   274.20
122400   274.20
123300   274.20
124200   274.10
125100   273.80
126000   273.60
126900   273.50
127800   273.70
128700   273.70
129600   273.40
130500   273.30
131400   273.20
132300   273.20
133200   273.10
134100   273.10
135000   272.80
135900   272.90
136800   272.80
137700   272.80
138600   272.70
139500   272.70
140400   272.80
141300   272.50
142200   272.40
143100   272.50
144000   272.80
144900   272.50
145800   272.50
146700   272.30
147600   272.20
148500   272.30
149400   272.30
150300   272.40
151200   272.40
152100   272.50
153000   272.70
153900   272.50
154800   272.80
155700   272.60
156600   272.60
157500   272.80
158400   272.90
159300   273.10
160200   272.90
161100   273.00
162000   273.00
162900   273.20
163800   273.50
164700   273.90
165600   274.50
166500   275.00
167400   275.00
168300   275.50
169200   275.90
170100   276.10
171000   275.90
171900   275.60
172800   275.60
173700   275.80
174600   275.80
175500   275.90
176400   275.90
177300   276.10
178200   276.20
179100   276.20
180000   276.20
180900   276.10
181800   276.30
182700   276.40
183600   276.50
184500   276.50
185400   276.50
186300   276.50
187200   276.60
188100   276.70
189000   276.70
189900   276.70
190800   276.60
191700   276.60
192600   276.60
193500   276.70
194400   276.80
195300   276.80
196200   277.00
197100   276.90
198000   277.10
198900   277.10
199800   277.00
200700   277.00
201600   276.90
202500   276.90
203400   276.70
204300   276.90
205200   276.80
206100   276.80
207000   276.80
207900   276.90
208800   277.00
209700   277.00
210600   277.10
211500   277.10
212400   277.10
213300   277.00
214200   277.00
215100   277.00
216000   276.90
216900   276.90
217800   277.10
218700   276.90
219600   276.90
220500   276.90
221400   276.90
222300   276.90
223200   276.80
224100   276.50
225000   276.40
225900   276.30
226800   276.20
227700   276.00
228600   276.00
229500   275.90
230400   275.50
231300   275.30
232200   275.10
233100   275.10
234000   275.10
234900   274.90
235800   274.80
236700   274.20
237600   274.30
238500   273.90
239400   273.90
240300   274.00
241200   273.60
242100   273.50
243000   273.60
243900   273.50
244800   273.50
245700   273.40
246600   273.50
247500   273.70
248400   273.80
249300   273.50
250200   273.50
251100   274.30
252000   274.50
252900   275.10
253800   276.10
254700   276.70
255600   276.70
256500   277.40
257400   277.70
258300   277.80
259200   278.30
260100   278.50
261000   278.50
261900   278.20
262800   278.70
263700   278.50
264600   278.60
265500   278.70
266400   278.70
267300   278.60
268200   278.40
269100   278.20
270000   278.40
270900   278.20
271800   278.30
272700   278.30
273600   278.40
274500   278.00
275400   277.60
276300   277.40
277200   277.00
278100   277.00
279000   276.50
279900   276.50
280800   276.30
281700   276.10
282600   276.00
283500   276.00
284400   275.50
285300   275.40
286200   275.20
287100   275.20
288000   275.20
288900   275.20
289800   275.00
290700   275.00
291600   275.00
292500   275.00
293400   275.10
294300   275.10
295200   275.10
296100   275.00
297000   275.30
297900   275.10
298800   275.00
299700   275.00
300600   275.10
301500   275.10
302400   275.10
303300   274.90
304200   274.70
305100   274.70
306000   274.80
306900   274.90
307800   274.70
308700   274.40
309600   274.90
310500   275.20
311400   275.20
312300   275.10
313200   275.10
314100   275.20
315000   275.30
315900   275.50
316800   275.50
317700   275.30
318600   275.30
319500   275.40
320400   275.50
321300   275.40
322200   275.40
323100   275.50
324000   275.50
324900   275.50
325800   275.30
326700   275.10
327600   275.10
328500   274.90
329400   274.90
330300   274.80
331200   274.70
332100   274.50
333000   274.50
333900   274.60
334800   274.90
335700   274.80
336600   275.10
337500   275.10
338400   275.10
339300   276.00
340200   276.60
341100   277.10
342000   277.80
342900   278.30
343800   278.30
344700   278.50
345600   278.70
346500   278.90
347400   279.50
348300   279.80
349200   279.80
350100   279.70
351000   279.50
351900   279.20
352800   279.00
353700   278.40
354600   278.40
355500   278.00
356400   277.80
357300   277.90
358200   277.90
359100   277.60
360000   277.60
360900   277.60
361800   277.10
362700   277.10
363600   276.70
364500   276.50
365400   276.10
366300   276.10
367200   275.90
368100   275.70
369000   275.50
369900   275.20
370800   275.10
371700   275.10
372600   274.90
373500   274.50
374400   274.40
375300   274.20
376200   274.10
377100   274.10
378000   273.80
378900   273.70
379800   273.60
380700   273.30
381600   273.40
382500   273.40
383400   273.30
384300   273.00
385200   272.80
386100   272.80
387000   272.60
387900   272.60
388800   272.40
389700   272.30
390600   272.30
391500   272.20
392400   272.10
393300   271.90
394200   271.90
395100   271.50
396000   271.50
396900   271.60
397800   271.30
398700   271.30
399600   271.30
400500   271.10
401400   271.10
402300   271.00
403200   271.10
404100   271.10
405000   271.10
405900   270.70
406800   270.70
407700   270.50
408600   270.50
409500   270.50
410400   270.50
411300   270.60
412200   270.20
413100   270.10
414000   270.30
414900   270.10
415800   270.10
416700   269.70
417600   269.70
418500   269.70
419400   269.80
420300   270.20
421200   270.50
422100   271.30
423000   271.70
423900   271.70
424800   272.20
425700   273.00
426600   273.50
427500   274.30
428400   274.80
429300   274.80
430200   275.30
431100   275.70
432000   276.10
432900   276.60
433800   277.10
434700   277.10
435600   277.30
436500   277.40
437400   277.40
438300   277.40
439200   277.00
440100   277.00
441000   276.80
441900   276.70
442800   276.70
443700   276.70
444600   276.90
445500   276.70
446400   276.70
447300   276.30
448200   275.90
449100   275.60
450000   275.40
450900   275.20
451800   275.20
452700   274.90
453600   274.60
454500   274.30
455400   274.30
456300   274.20
457200   274.20
458100   274.10
459000   273.80
459900   273.60
460800   273.60
461700   273.30
462600   273.30
463500   273.20
464400   273.20
465300   273.20
466200   272.80
467100   272.70
468000   272.70
468900   272.70
469800   272.80
470700   272.30
471600   272.30
472500   272.10
473400   272.10
474300   272.30
475200   272.30
476100   272.30
477000   272.60
477900   272.50
478800   272.50
479700   272.50
480600   272.50
481500   272.50
482400   272.40
483300   272.20
484200   272.30
485100   272.30
486000   272.30
486900   272.20
487800   272.30
488700   272.30
489600   272.50
490500   272.50
491400   272.50
492300   272.60
493200   272.80
494100   272.90
495000   273.00
495900   273.00
496800   273.00
497700   273.00
498600   273.10
499500   273.20
500400   273.20
501300   273.20
502200   273.20
503100   273.30
504000   273.40
504900   273.50
505800   273.50
506700   273.60
507600   273.70
508500   273.70
509400   273.90
510300   273.90
511200   273.90
512100   274.10
513000   274.30
513900   274.60
514800   274.80
515700   274.80
516600   274.80
517500   274.70
518400   274.80
519300   274.80
520200   274.70
521100   274.50
522000   274.50
522900   274.50
523800   274.60
524700   274.70
525600   274.90
526500   274.80
527400   274.80
528300   275.00
529200   274.80
530100   275.10
531000   274.70
531900   274.70
532800   274.70
533700   274.70
534600   274.50
535500   274.20
536400   274.10
537300   273.90
538200   273.70
539100   273.70
540000   273.90
540900   273.90
541800   273.70
542700   274.00
543600   273.90
544500   273.90
545400   274.00
546300   274.00
547200   274.00
548100   273.90
549000   274.00
549900   274.00
550800   274.00
551700   274.10
552600   274.00
553500   274.00
554400   273.90
555300   273.90
556200   273.90
557100   274.00
558000   274.00
558900   274.30
559800   274.10
560700   274.10
561600   274.10
562500   274.00
563400   274.00
564300   274.00
565200   273.90
566100   273.90
567000   274.00
567900   273.90
568800   273.90
569700   273.80
570600   273.90
571500   273.90
572400   273.70
573300   273.60
574200   273.70
575100   273.70
576000   273.50
576900   273.50
577800   273.60
578700   273.60
579600   273.70
580500   273.70
581400   273.80
582300   273.80
583200   273.80
584100   273.80
585000   273.80
585900   273.90
586800   273.80
587700   273.80
588600   273.80
589500   273.80
590400   273.80
591300   273.80
592200   273.90
593100   273.90
594000   274.00
594900   274.00
595800   274.00
596700   273.90
597600   274.00
598500   273.90
599400   274.10
600300   274.20
601200   274.20
602100   274.20
603000   274.20
603900   274.20
